iteration timestamp latency minor_pagefaults major_pagefaults
0 0 30418 0 0
1 1000000 5885 0 0
2 2000000 5869 0 0
3 3000000 4581 0 0
4 4000000 3894 0 0
5 5000000 4409 0 0
6 6000000 3832 0 0
7 7000000 4167 0 0
8 8000000 4541 0 0
9 9000000 4656 0 0
10 10000000 4099 0 0
11 11000000 3973 0 0
12 12000000 4558 0 0
13 13000000 4311 0 0
14 14000000 448657 0 0
15 15000000 7115 0 0
16 16000000 7139 0 0
17 17000000 3957 0 0
18 18000000 4743 0 0
19 19000000 4456 0 0
20 20000000 4090 0 0
21 21000000 4214 0 0
22 22000000 6503 0 0
23 23000000 5124 0 0
24 24000000 4317 0 0
25 25000000 4842 0 0
26 26000000 5247 0 0
27 27000000 4449 0 0
28 28000000 1495357 0 0
29 29000000 537467 0 0
30 30000000 6576 0 0
31 31000000 6550 0 0
32 32000000 6163 0 0
33 33000000 3752 0 0
34 34000000 3046029 0 0
35 35000000 2080975 0 0
36 36000000 1131190 0 0
37 37000000 153903 0 0
38 38000000 5316 0 0
39 39000000 5370 0 0
40 40000000 5334 0 0
41 41000000 6350 0 0
42 42000000 6795 0 0
43 43000000 5928 0 0
44 44000000 462206 0 0
45 45000000 5936 0 0
46 46000000 5750 0 0
47 47000000 5924 0 0
48 48000000 6399 0 0
49 49000000 45147 0 0
50 50000000 5566 0 0
51 51000000 5480 0 0
52 52000000 5153 0 0
53 53000000 5458 0 0
54 54000000 5683 0 0
55 55000000 5516 0 0
56 56000000 4999 0 0
57 57000000 3671 0 0
58 58000000 4897 0 0
59 59000000 4280 0 0
60 60000000 4495 0 0
61 61000000 4279 0 0
62 62000000 4523 0 0
63 63000000 4116 0 0
64 64000000 4571 0 0
65 65000000 4545 0 0
66 66000000 4059 0 0
67 67000000 4393 0 0
68 68000000 4207 0 0
69 69000000 3901 0 0
70 70000000 4316 0 0
71 71000000 4340 0 0
72 72000000 4675 0 0
73 73000000 4218 0 0
74 74000000 4432 0 0
75 75000000 4637 0 0
76 76000000 4721 0 0
77 77000000 5376 0 0
78 78000000 5100 0 0
79 79000000 3842 0 0
80 80000000 4347 0 0
81 81000000 6365 0 0
82 82000000 6629 0 0
83 83000000 4079 0 0
84 84000000 4113 0 0
85 85000000 3936 0 0
86 86000000 4111 0 0
87 87000000 3895 0 0
88 88000000 4019 0 0
89 89000000 3763 0 0
90 90000000 3967 0 0
91 91000000 3741 0 0
92 92000000 3825 0 0
93 93000000 3889 0 0
94 94000000 4014 0 0
95 95000000 3817 0 0
96 96000000 3972 0 0
97 97000000 3996 0 0
98 98000000 5393 0 0
99 99000000 3994 0 0
100 100000000 4128 0 0
101 101000000 3822 0 0
102 102000000 4097 0 0
103 103000000 4612 0 0
104 104000000 4075 0 0
105 105000000 3789 0 0
106 106000000 4113 0 0
107 107000000 3737 0 0
108 108000000 4001 0 0
109 109000000 3805 0 0
110 110000000 3989 0 0
111 111000000 3833 0 0
112 112000000 3947 0 0
113 113000000 3922 0 0
114 114000000 4717 0 0
115 115000000 4200 0 0
116 116000000 4144 0 0
117 117000000 3798 0 0
118 118000000 3922 0 0
119 119000000 3716 0 0
120 120000000 3910 0 0
121 121000000 3704 0 0
122 122000000 3949 0 0
123 123000000 3692 0 0
124 124000000 3907 0 0
125 125000000 3711 0 0
126 126000000 3935 0 0
127 127000000 3739 0 0
128 128000000 3923 0 0
129 129000000 4408 0 0
130 130000000 4212 0 0
131 131000000 3755 0 0
132 132000000 3859 0 0
133 133000000 3773 0 0
134 134000000 3898 0 0
135 135000000 4333 0 0
136 136000000 4106 0 0
137 137000000 3970 0 0
138 138000000 3944 0 0
139 139000000 3808 0 0
140 140000000 3913 0 0
141 141000000 3686 0 0
142 142000000 3881 0 0
143 143000000 3624 0 0
144 144000000 3949 0 0
145 145000000 5095 0 0
146 146000000 5550 0 0
147 147000000 6015 0 0
148 148000000 6590 0 0
149 149000000 5442 0 0
150 150000000 4414 0 0
151 151000000 3757 0 0
152 152000000 3912 0 0
153 153000000 3435 0 0
154 154000000 3679 0 0
155 155000000 3904 0 0
156 156000000 3968 0 0
157 157000000 3421 0 0
158 158000000 3476 0 0
159 159000000 3450 0 0
160 160000000 3554 0 0
161 161000000 3458 0 0
162 162000000 6678 0 0
163 163000000 5600 0 0
164 164000000 4562 0 0
165 165000000 3544 0 0
166 166000000 3609 0 0
167 167000000 3573 0 0
168 168000000 3417 0 0
169 169000000 3431 0 0
170 170000000 3575 0 0
171 171000000 3439 0 0
172 172000000 3623 0 0
173 173000000 3497 0 0
174 174000000 3562 0 0
175 175000000 3435 0 0
176 176000000 4431 0 0
177 177000000 3484 0 0
178 178000000 4911 0 0
179 179000000 6077 0 0
180 180000000 4097 0 0
181 181000000 5003 0 0
182 182000000 4065 0 0
183 183000000 3889 0 0
184 184000000 4064 0 0
185 185000000 4238 0 0
186 186000000 5264 0 0
187 187000000 3645 0 0
188 188000000 3529 0 0
189 189000000 3513 0 0
190 190000000 3487 0 0
191 191000000 3521 0 0
192 192000000 3455 0 0
193 193000000 3600 0 0
194 194000000 4245 0 0
195 195000000 4059 0 0
196 196000000 4063 0 0
197 197000000 5019 0 0
198 198000000 4742 0 0
199 199000000 3654 0 0
200 200000000 3528 0 0
201 201000000 3442 0 0
202 202000000 3556 0 0
203 203000000 4142 0 0
204 204000000 3595 0 0
205 205000000 3499 0 0
206 206000000 3623 0 0
207 207000000 3567 0 0
208 208000000 3491 0 0
209 209000000 4487 0 0
210 210000000 3680 0 0
211 211000000 3564 0 0
212 212000000 6052 0 0
213 213000000 5265 0 0
214 214000000 5109 0 0
215 215000000 4001 0 0
216 216000000 5558 0 0
217 217000000 3248 0 0
218 218000000 3402 0 0
219 219000000 3596 0 0
220 220000000 3470 0 0
221 221000000 4376 0 0
222 222000000 3749 0 0
223 223000000 3563 0 0
224 224000000 3577 0 0
225 225000000 3471 0 0
226 226000000 3595 0 0
227 227000000 3589 0 0
228 228000000 3493 0 0
229 229000000 3477 0 0
230 230000000 3491 0 0
231 231000000 7964 0 0
232 232000000 5393 0 0
233 233000000 3454 0 0
234 234000000 3538 0 0
235 235000000 3602 0 0
236 236000000 3506 0 0
237 237000000 3530 0 0
238 238000000 3975 0 0
239 239000000 21623 0 0
240 240000000 3823 0 0
241 241000000 3507 0 0
242 242000000 4703 0 0
243 243000000 3575 0 0
244 244000000 3639 0 0
245 245000000 3453 0 0
246 246000000 4018 0 0
247 247000000 5695 0 0
248 248000000 5820 0 0
249 249000000 5032 0 0
250 250000000 7732 0 0
251 251000000 3287 0 0
252 252000000 3652 0 0
253 253000000 3406 0 0
254 254000000 3881 0 0
255 255000000 3444 0 0
256 256000000 3578 0 0
257 257000000 3452 0 0
258 258000000 3827 0 0
259 259000000 3511 0 0
260 260000000 3485 0 0
261 261000000 3509 0 0
262 262000000 3553 0 0
263 263000000 3507 0 0
264 264000000 3571 0 0
265 265000000 3575 0 0
266 266000000 6104 0 0
267 267000000 4596 0 0
268 268000000 5582 0 0
269 269000000 3422 0 0
270 270000000 3636 0 0
271 271000000 3430 0 0
272 272000000 3514 0 0
273 273000000 3418 0 0
274 274000000 3542 0 0
275 275000000 3426 0 0
276 276000000 5274 0 0
277 277000000 3565 0 0
278 278000000 3489 0 0
279 279000000 3954 0 0
280 280000000 3848 0 0
281 281000000 5956 0 0
282 282000000 5619 0 0
283 283000000 4411 0 0
284 284000000 3944 0 0
285 285000000 3437 0 0
286 286000000 3391 0 0
287 287000000 7664 0 0
288 288000000 7307 0 0
289 289000000 4636 0 0
290 290000000 3358 0 0
291 291000000 4193 0 0
292 292000000 4779 0 0
293 293000000 5424 0 0
294 294000000 4516 0 0
295 295000000 4540 0 0
296 296000000 3663 0 0
297 297000000 3407 0 0
298 298000000 3501 0 0
299 299000000 3495 0 0
300 300000000 5964 0 0
301 301000000 3613 0 0
302 302000000 3537 0 0
303 303000000 6597 0 0
304 304000000 4417 0 0
305 305000000 5333 0 0
306 306000000 3614 0 0
307 307000000 3748 0 0
308 308000000 3572 0 0
309 309000000 24536 0 0
310 310000000 3700 0 0
311 311000000 3624 0 0
312 312000000 3709 0 0
313 313000000 5947 0 0
314 314000000 5811 0 0
315 315000000 5434 0 0
316 316000000 5228 0 0
317 317000000 7466 0 0
318 318000000 3553 0 0
319 319000000 3377 0 0
320 320000000 3501 0 0
321 321000000 4157 0 0
322 322000000 3550 0 0
323 323000000 3824 0 0
324 324000000 3588 0 0
325 325000000 3902 0 0
326 326000000 3656 0 0
327 327000000 3460 0 0
328 328000000 3975 0 0
329 329000000 4009 0 0
330 330000000 6448 0 0
331 331000000 5570 0 0
332 332000000 5344 0 0
333 333000000 4977 0 0
334 334000000 6635 0 0
335 335000000 4926 0 0
336 336000000 5310 0 0
337 337000000 3551 0 0
338 338000000 4417 0 0
339 339000000 8088 0 0
340 340000000 4826 0 0
341 341000000 5191 0 0
342 342000000 7349 0 0
343 343000000 8495 0 0
344 344000000 3329 0 0
345 345000000 3584 0 0
346 346000000 3989 0 0
347 347000000 3903 0 0
348 348000000 6562 0 0
349 349000000 5905 0 0
350 350000000 5258 0 0
351 351000000 4110 0 0
352 352000000 3603 0 0
353 353000000 3437 0 0
354 354000000 3541 0 0
355 355000000 3685 0 0
356 356000000 3449 0 0
357 357000000 3403 0 0
358 358000000 3427 0 0
359 359000000 3501 0 0
360 360000000 3636 0 0
361 361000000 3419 0 0
362 362000000 3394 0 0
363 363000000 3438 0 0
364 364000000 3482 0 0
365 365000000 4287 0 0
366 366000000 3700 0 0
367 367000000 3635 0 0
368 368000000 3539 0 0
369 369000000 19022 0 0
370 370000000 3497 0 0
371 371000000 3591 0 0
372 372000000 3465 0 0
373 373000000 3469 0 0
374 374000000 3443 0 0
375 375000000 3457 0 0
376 376000000 4193 0 0
377 377000000 3395 0 0
378 378000000 3570 0 0
379 379000000 3944 0 0
380 380000000 3969 0 0
381 381000000 6187 0 0
382 382000000 5730 0 0
383 383000000 4863 0 0
384 384000000 3995 0 0
385 385000000 3759 0 0
386 386000000 3613 0 0
387 387000000 4899 0 0
388 388000000 3781 0 0
389 389000000 3495 0 0
390 390000000 3569 0 0
391 391000000 3403 0 0
392 392000000 3517 0 0
393 393000000 3451 0 0
394 394000000 3716 0 0
395 395000000 3569 0 0
396 396000000 3634 0 0
397 397000000 3457 0 0
398 398000000 3441 0 0
399 399000000 3325 0 0
400 400000000 3660 0 0
401 401000000 3494 0 0
402 402000000 3518 0 0
403 403000000 3542 0 0
404 404000000 4067 0 0
405 405000000 4092 0 0
406 406000000 4156 0 0
407 407000000 3358 0 0
408 408000000 3643 0 0
409 409000000 4268 0 0
410 410000000 3621 0 0
411 411000000 3605 0 0
412 412000000 3599 0 0
413 413000000 5357 0 0
414 414000000 5902 0 0
415 415000000 9934 0 0
416 416000000 5048 0 0
417 417000000 4482 0 0
418 418000000 3584 0 0
419 419000000 3658 0 0
420 420000000 3682 0 0
421 421000000 3667 0 0
422 422000000 3641 0 0
423 423000000 3585 0 0
424 424000000 3288 0 0
425 425000000 3693 0 0
426 426000000 3677 0 0
427 427000000 3651 0 0
428 428000000 4086 0 0
429 429000000 3659 0 0
430 430000000 3693 0 0
431 431000000 3547 0 0
432 432000000 3632 0 0
433 433000000 3586 0 0
434 434000000 3630 0 0
435 435000000 3514 0 0
436 436000000 3808 0 0
437 437000000 4624 0 0
438 438000000 4288 0 0
439 439000000 18949 0 0
440 440000000 3665 0 0
441 441000000 3699 0 0
442 442000000 3773 0 0
443 443000000 4268 0 0
444 444000000 3751 0 0
445 445000000 3805 0 0
446 446000000 4421 0 0
447 447000000 4064 0 0
448 448000000 5831 0 0
449 449000000 5305 0 0
450 450000000 4778 0 0
451 451000000 3379 0 0
452 452000000 3814 0 0
453 453000000 3568 0 0
454 454000000 3882 0 0
455 455000000 3506 0 0
456 456000000 3660 0 0
457 457000000 3524 0 0
458 458000000 3809 0 0
459 459000000 3472 0 0
460 460000000 3607 0 0
461 461000000 3541 0 0
462 462000000 3725 0 0
463 463000000 3619 0 0
464 464000000 3653 0 0
465 465000000 3457 0 0
466 466000000 3772 0 0
467 467000000 3575 0 0
468 468000000 3639 0 0
469 469000000 18702 0 0
470 470000000 3838 0 0
471 471000000 3552 0 0
472 472000000 3686 0 0
473 473000000 4111 0 0
474 474000000 3955 0 0
475 475000000 3598 0 0
476 476000000 4334 0 0
477 477000000 3556 0 0
478 478000000 3811 0 0
479 479000000 4146 0 0
480 480000000 4140 0 0
481 481000000 6178 0 0
482 482000000 5030 0 0
483 483000000 5014 0 0
484 484000000 4537 0 0
485 485000000 3639 0 0
486 486000000 3673 0 0
487 487000000 3658 0 0
488 488000000 3772 0 0
489 489000000 4658 0 0
490 490000000 48976 0 0
491 491000000 5528 0 0
492 492000000 3869 0 0
493 493000000 4895 0 0
494 494000000 3727 0 0
495 495000000 3640 0 0
496 496000000 4005 0 0
497 497000000 3548 0 0
498 498000000 3563 0 0
499 499000000 4889 0 0
500 500000000 3982 0 0
501 501000000 3445 0 0
502 502000000 3529 0 0
503 503000000 3503 0 0
504 504000000 3707 0 0
505 505000000 3752 0 0
506 506000000 3656 0 0
507 507000000 3620 0 0
508 508000000 3774 0 0
509 509000000 4269 0 0
510 510000000 3722 0 0
511 511000000 3566 0 0
512 512000000 3751 0 0
513 513000000 5298 0 0
514 514000000 5302 0 0
515 515000000 4434 0 0
516 516000000 3767 0 0
517 517000000 4042 0 0
518 518000000 4266 0 0
519 519000000 3609 0 0
520 520000000 3803 0 0
521 521000000 3477 0 0
522 522000000 3521 0 0
523 523000000 3595 0 0
524 524000000 3730 0 0
525 525000000 3514 0 0
526 526000000 3668 0 0
527 527000000 3452 0 0
528 528000000 3766 0 0
529 529000000 3470 0 0
530 530000000 3664 0 0
531 531000000 6053 0 0
532 532000000 3853 0 0
533 533000000 3506 0 0
534 534000000 3751 0 0
535 535000000 3494 0 0
536 536000000 3779 0 0
537 537000000 4004 0 0
538 538000000 4228 0 0
539 539000000 3731 0 0
540 540000000 4046 0 0
541 541000000 3569 0 0
542 542000000 3644 0 0
543 543000000 4590 0 0
544 544000000 5115 0 0
545 545000000 3666 0 0
546 546000000 4231 0 0
547 547000000 3804 0 0
548 548000000 4700 0 0
549 549000000 3602 0 0
550 550000000 4258 0 0
551 551000000 4021 0 0
552 552000000 3785 0 0
553 553000000 3468 0 0
554 554000000 3833 0 0
555 555000000 3597 0 0
556 556000000 3751 0 0
557 557000000 3565 0 0
558 558000000 3609 0 0
559 559000000 4094 0 0
560 560000000 4128 0 0
561 561000000 5275 0 0
562 562000000 4227 0 0
563 563000000 3830 0 0
564 564000000 6339 0 0
565 565000000 5962 0 0
566 566000000 7459 0 0
567 567000000 5099 0 0
568 568000000 4963 0 0
569 569000000 5478 0 0
570 570000000 5111 0 0
571 571000000 5687 0 0
572 572000000 4909 0 0
573 573000000 8029 0 0
574 574000000 5318 0 0
575 575000000 4871 0 0
576 576000000 5126 0 0
577 577000000 5551 0 0
578 578000000 5966 0 0
579 579000000 9727 0 0
580 580000000 10413 0 0
581 581000000 6499 0 0
582 582000000 5642 0 0
583 583000000 5305 0 0
584 584000000 5470 0 0
585 585000000 5534 0 0
586 586000000 3855 0 0
587 587000000 3869 0 0
588 588000000 4194 0 0
589 589000000 6472 0 0
590 590000000 4242 0 0
591 591000000 4296 0 0
592 592000000 4280 0 0
593 593000000 3823 0 0
594 594000000 3978 0 0
595 595000000 3752 0 0
596 596000000 4106 0 0
597 597000000 3960 0 0
598 598000000 4195 0 0
599 599000000 4449 0 0
600 600000000 5836 0 0
601 601000000 4067 0 0
602 602000000 4061 0 0
603 603000000 3774 0 0
604 604000000 4219 0 0
605 605000000 3883 0 0
606 606000000 4027 0 0
607 607000000 3761 0 0
608 608000000 3935 0 0
609 609000000 3799 0 0
610 610000000 6378 0 0
611 611000000 5761 0 0
612 612000000 5004 0 0
613 613000000 4627 0 0
614 614000000 4711 0 0
615 615000000 4535 0 0
616 616000000 4750 0 0
617 617000000 3391 0 0
618 618000000 4197 0 0
619 619000000 4522 0 0
620 620000000 4015 0 0
621 621000000 3488 0 0
622 622000000 3712 0 0
623 623000000 3566 0 0
624 624000000 10824 0 0
625 625000000 3855 0 0
626 626000000 3689 0 0
627 627000000 3593 0 0
628 628000000 3667 0 0
629 629000000 3531 0 0
630 630000000 3655 0 0
631 631000000 3459 0 0
632 632000000 3844 0 0
633 633000000 3497 0 0
634 634000000 3782 0 0
635 635000000 4678 0 0
636 636000000 5133 0 0
637 637000000 4185 0 0
638 638000000 4139 0 0
639 639000000 20504 0 0
640 640000000 3947 0 0
641 641000000 3570 0 0
642 642000000 3554 0 0
643 643000000 4530 0 0
644 644000000 3953 0 0
645 645000000 3607 0 0
646 646000000 4192 0 0
647 647000000 4797 0 0
648 648000000 4891 0 0
649 649000000 4124 0 0
650 650000000 6653 0 0
651 651000000 9452 0 0
652 652000000 4637 0 0
653 653000000 4171 0 0
654 654000000 4165 0 0
655 655000000 4039 0 0
656 656000000 5205 0 0
657 657000000 4548 0 0
658 658000000 4211 0 0
659 659000000 4105 0 0
660 660000000 5121 0 0
661 661000000 8712 0 0
662 662000000 5981 0 0
663 663000000 3991 0 0
664 664000000 4116 0 0
665 665000000 3519 0 0
666 666000000 3783 0 0
667 667000000 3697 0 0
668 668000000 3812 0 0
669 669000000 3475 0 0
670 670000000 3469 0 0
671 671000000 4144 0 0
672 672000000 3557 0 0
673 673000000 3431 0 0
674 674000000 3646 0 0
675 675000000 3480 0 0
676 676000000 3494 0 0
677 677000000 3438 0 0
678 678000000 3562 0 0
679 679000000 3907 0 0
680 680000000 3931 0 0
681 681000000 3905 0 0
682 682000000 3849 0 0
683 683000000 3984 0 0
684 684000000 4098 0 0
685 685000000 3641 0 0
686 686000000 3745 0 0
687 687000000 3599 0 0
688 688000000 3523 0 0
689 689000000 3487 0 0
690 690000000 3692 0 0
691 691000000 52849 0 0
692 692000000 5734 0 0
693 693000000 3423 0 0
694 694000000 3598 0 0
695 695000000 4764 0 0
696 696000000 3646 0 0
697 697000000 3410 0 0
698 698000000 3995 0 0
699 699000000 4089 0 0
700 700000000 3873 0 0
701 701000000 4619 0 0
702 702000000 3641 0 0
703 703000000 3886 0 0
704 704000000 4090 0 0
705 705000000 3463 0 0
706 706000000 4118 0 0
707 707000000 3571 0 0
708 708000000 3545 0 0
709 709000000 3670 0 0
710 710000000 4205 0 0
711 711000000 4139 0 0
712 712000000 3742 0 0
713 713000000 4187 0 0
714 714000000 4001 0 0
715 715000000 3885 0 0
716 716000000 5181 0 0
717 717000000 4124 0 0
718 718000000 4118 0 0
719 719000000 3621 0 0
720 720000000 3595 0 0
721 721000000 3980 0 0
722 722000000 3633 0 0
723 723000000 3657 0 0
724 724000000 3701 0 0
725 725000000 3545 0 0
726 726000000 4160 0 0
727 727000000 3523 0 0
728 728000000 3517 0 0
729 729000000 3552 0 0
730 730000000 3626 0 0
731 731000000 3951 0 0
732 732000000 3544 0 0
733 733000000 3448 0 0
734 734000000 3502 0 0
735 735000000 3306 0 0
736 736000000 4091 0 0
737 737000000 3525 0 0
738 738000000 3990 0 0
739 739000000 3563 0 0
740 740000000 3637 0 0
741 741000000 4072 0 0
742 742000000 3715 0 0
743 743000000 3369 0 0
744 744000000 3653 0 0
745 745000000 3537 0 0
746 746000000 4503 0 0
747 747000000 4117 0 0
748 748000000 4041 0 0
749 749000000 3914 0 0
750 750000000 4049 0 0
751 751000000 4504 0 0
752 752000000 4107 0 0
753 753000000 3540 0 0
754 754000000 3645 0 0
755 755000000 3408 0 0
756 756000000 4104 0 0
757 757000000 3436 0 0
758 758000000 3501 0 0
759 759000000 3395 0 0
760 760000000 4250 0 0
761 761000000 4735 0 0
762 762000000 3477 0 0
763 763000000 3561 0 0
764 764000000 3636 0 0
765 765000000 3489 0 0
766 766000000 3544 0 0
767 767000000 3488 0 0
768 768000000 3552 0 0
769 769000000 3566 0 0
770 770000000 3610 0 0
771 771000000 4666 0 0
772 772000000 3829 0 0
773 773000000 3382 0 0
774 774000000 4458 0 0
775 775000000 3491 0 0
776 776000000 3625 0 0
777 777000000 3479 0 0
778 778000000 3693 0 0
779 779000000 3627 0 0
780 780000000 4884 0 0
781 781000000 4076 0 0
782 782000000 6495 0 0
783 783000000 5768 0 0
784 784000000 4840 0 0
785 785000000 3211 0 0
786 786000000 3566 0 0
787 787000000 4001 0 0
788 788000000 3554 0 0
789 789000000 3498 0 0
790 790000000 3642 0 0
791 791000000 3486 0 0
792 792000000 4192 0 0
793 793000000 3424 0 0
794 794000000 3438 0 0
795 795000000 3513 0 0
796 796000000 3787 0 0
797 797000000 3972 0 0
798 798000000 3916 0 0
799 799000000 3429 0 0
800 800000000 3653 0 0
801 801000000 3567 0 0
802 802000000 4062 0 0
803 803000000 3435 0 0
804 804000000 3570 0 0
805 805000000 3614 0 0
806 806000000 3698 0 0
807 807000000 4013 0 0
808 808000000 3526 0 0
809 809000000 3620 0 0
810 810000000 4166 0 0
811 811000000 3619 0 0
812 812000000 4304 0 0
813 813000000 3396 0 0
814 814000000 4062 0 0
815 815000000 5809 0 0
816 816000000 5182 0 0
817 817000000 4665 0 0
818 818000000 3387 0 0
819 819000000 3631 0 0
820 820000000 3606 0 0
821 821000000 3550 0 0
822 822000000 3514 0 0
823 823000000 3508 0 0
824 824000000 3552 0 0
825 825000000 3596 0 0
826 826000000 3520 0 0
827 827000000 3404 0 0
828 828000000 3518 0 0
829 829000000 3492 0 0
830 830000000 3657 0 0
831 831000000 3430 0 0
832 832000000 3575 0 0
833 833000000 3449 0 0
834 834000000 3473 0 0
835 835000000 8306 0 0
836 836000000 3932 0 0
837 837000000 4517 0 0
838 838000000 4281 0 0
839 839000000 3493 0 0
840 840000000 3448 0 0
841 841000000 3472 0 0
842 842000000 4187 0 0
843 843000000 4322 0 0
844 844000000 3564 0 0
845 845000000 3518 0 0
846 846000000 3723 0 0
847 847000000 4218 0 0
848 848000000 4041 0 0
849 849000000 4957 0 0
850 850000000 5122 0 0
851 851000000 3914 0 0
852 852000000 5190 0 0
853 853000000 3561 0 0
854 854000000 3735 0 0
855 855000000 3449 0 0
856 856000000 3613 0 0
857 857000000 3648 0 0
858 858000000 3722 0 0
859 859000000 3526 0 0
860 860000000 3610 0 0
861 861000000 3584 0 0
862 862000000 3859 0 0
863 863000000 3472 0 0
864 864000000 3606 0 0
865 865000000 3570 0 0
866 866000000 3524 0 0
867 867000000 3498 0 0
868 868000000 3583 0 0
869 869000000 3517 0 0
870 870000000 3591 0 0
871 871000000 3435 0 0
872 872000000 3790 0 0
873 873000000 3653 0 0
874 874000000 3758 0 0
875 875000000 3501 0 0
876 876000000 3656 0 0
877 877000000 4562 0 0
878 878000000 3945 0 0
879 879000000 3989 0 0
880 880000000 4263 0 0
881 881000000 4057 0 0
882 882000000 4201 0 0
883 883000000 6330 0 0
884 884000000 6464 0 0
885 885000000 5055 0 0
886 886000000 3426 0 0
887 887000000 3721 0 0
888 888000000 3805 0 0
889 889000000 3579 0 0
890 890000000 3773 0 0
891 891000000 3477 0 0
892 892000000 5134 0 0
893 893000000 3646 0 0
894 894000000 4191 0 0
895 895000000 3995 0 0
896 896000000 4099 0 0
897 897000000 4794 0 0
898 898000000 5039 0 0
899 899000000 3590 0 0
900 900000000 3755 0 0
901 901000000 3528 0 0
902 902000000 4845 0 0
903 903000000 3647 0 0
904 904000000 3731 0 0
905 905000000 3595 0 0
906 906000000 4521 0 0
907 907000000 3563 0 0
908 908000000 3627 0 0
909 909000000 19181 0 0
910 910000000 4677 0 0
911 911000000 3660 0 0
912 912000000 4175 0 0
913 913000000 3948 0 0
914 914000000 4363 0 0
915 915000000 3977 0 0
916 916000000 5914 0 0
917 917000000 5999 0 0
918 918000000 5191 0 0
919 919000000 5796 0 0
920 920000000 4979 0 0
921 921000000 3270 0 0
922 922000000 3805 0 0
923 923000000 3899 0 0
924 924000000 3743 0 0
925 925000000 3697 0 0
926 926000000 4192 0 0
927 927000000 4337 0 0
928 928000000 3820 0 0
929 929000000 3764 0 0
930 930000000 3608 0 0
931 931000000 4053 0 0
932 932000000 3716 0 0
933 933000000 3750 0 0
934 934000000 3764 0 0
935 935000000 3528 0 0
936 936000000 4654 0 0
937 937000000 4057 0 0
938 938000000 4292 0 0
939 939000000 3645 0 0
940 940000000 3599 0 0
941 941000000 3603 0 0
942 942000000 3607 0 0
943 943000000 3571 0 0
944 944000000 4236 0 0
945 945000000 3639 0 0
946 946000000 3854 0 0
947 947000000 4018 0 0
948 948000000 4343 0 0
949 949000000 6130 0 0
950 950000000 5944 0 0
951 951000000 4676 0 0
952 952000000 3418 0 0
953 953000000 3762 0 0
954 954000000 3907 0 0
955 955000000 3670 0 0
956 956000000 3835 0 0
957 957000000 3388 0 0
958 958000000 3783 0 0
959 959000000 3897 0 0
960 960000000 3651 0 0
961 961000000 3515 0 0
962 962000000 3539 0 0
963 963000000 3643 0 0
964 964000000 3888 0 0
965 965000000 4774 0 0
966 966000000 4397 0 0
967 967000000 7507 0 0
968 968000000 5197 0 0
969 969000000 4059 0 0
970 970000000 4353 0 0
971 971000000 5249 0 0
972 972000000 4592 0 0
973 973000000 3614 0 0
974 974000000 4620 0 0
975 975000000 4394 0 0
976 976000000 4558 0 0
977 977000000 4943 0 0
978 978000000 5388 0 0
979 979000000 4440 0 0
980 980000000 5717 0 0
981 981000000 5070 0 0
982 982000000 5184 0 0
983 983000000 4928 0 0
984 984000000 3680 0 0
985 985000000 3964 0 0
986 986000000 7134 0 0
987 987000000 4914 0 0
988 988000000 4287 0 0
989 989000000 4221 0 0
990 990000000 3594 0 0
991 991000000 3538 0 0
992 992000000 3552 0 0
993 993000000 3516 0 0
994 994000000 3961 0 0
995 995000000 3635 0 0
996 996000000 3579 0 0
997 997000000 3493 0 0
998 998000000 3617 0 0
999 999000000 4282 0 0
